Alvaro : 10-Jul-2020 (11:10:50.653457)
Albert : 10-Jul-2020 (11:10:53.555715)
Lisa : 10-Jul-2020 (11:10:55.614987)
Margaret : 10-Jul-2020 (11:10:58.999974)
